,City,Latitude,Temperature,Humidity,Cloudiness,Wind Speed
0,Puerto Ayora,-0.74,80.44,100,8,8.66
1,Pisco,-13.71,71.6,83,0,14.99
2,Biltine,14.53,70.54,36,0,5.08
3,Seymour,33.59,69.59,42,76,5.97
4,Brokopondo,5.06,77.0,94,40,2.24
5,Dir,6.33,63.07,89,56,5.19
6,Whitehorse,60.72,17.6,34,20,10.29
7,Alta Floresta,-9.87,71.35,98,92,2.39
8,Dunmore East,52.15,37.91,99,36,4.29
9,Atambua,-9.11,82.15,100,20,4.97
10,Fort Nelson,58.81,10.4,66,75,3.36
11,Ponta do Sol,-20.63,64.91,91,12,5.19
12,Moerai,-22.43,82.37,97,64,9.44
13,Avarua,-21.21,77.0,94,90,3.36
14,Anadyr,64.73,12.2,85,90,17.9
15,Nikolskoye,59.7,32.51,93,92,12.12
16,New Norfolk,-42.78,59.0,87,75,8.05
17,Vilhena,-12.74,71.39,95,44,2.06
18,Galyugayevskaya,43.7,41.02,86,32,6.31
19,Geraldton,49.72,19.4,31,20,8.05
20,Levelek,47.97,24.37,76,0,3.62
21,Mataura,-46.19,65.41,65,48,9.66
22,Hobart,-42.88,61.63,83,32,9.22
23,Vila Velha,-3.71,82.4,83,40,5.82
24,Chililabombwe,-12.37,63.11,90,12,3.4
25,Portobelo,9.55,80.6,74,40,10.29
26,Jamestown,-33.21,69.77,48,0,14.03
27,Vrangel,42.73,38.41,81,0,3.96
28,Busselton,-33.64,69.82,97,48,21.41
29,Owando,-0.49,74.5,97,20,2.62
30,Cayenne,4.94,77.0,94,100,3.36
31,San Cristobal,-0.39,50.0,93,40,2.24
32,Hilo,19.71,75.2,83,90,6.93
33,Butaritari,3.07,81.97,100,76,16.37
34,Timra,62.49,31.75,79,68,7.76
35,Greenville,34.85,46.44,87,90,11.41
36,Rikitea,-23.12,80.12,100,24,14.92
37,Rome,41.89,30.85,95,0,3.18
38,Touros,-5.2,79.54,88,88,7.54
39,Saint Anthony,43.97,27.56,70,32,4.97
40,Morehead,38.18,33.41,91,92,7.99
41,Torbay,47.66,30.2,100,90,21.92
42,Arraial do Cabo,-22.97,78.1,90,48,15.48
43,Tautira,-17.73,87.8,66,40,5.82
44,Itupiranga,-5.13,78.8,100,75,3.36
45,Yerbogachen,61.28,28.96,86,92,12.01
46,Yining,29.04,56.95,100,100,3.29
47,Rio Branco,-9.98,78.8,78,0,6.93
48,Ostrovnoy,68.05,-0.21,73,0,5.64
49,Kapaa,22.08,73.4,94,40,4.7
50,Poronaysk,49.22,36.88,91,44,4.52
51,Karratha,-20.74,98.39,29,0,4.63
52,Tsuyama,35.14,57.18,47,20,2.24
53,Adrar,27.87,60.8,22,0,10.29
54,Lorengau,-2.02,85.52,90,76,14.14
55,Beloha,-25.17,71.08,91,0,2.95
56,Antalaha,-14.9,76.03,98,76,8.21
57,Samarai,-10.62,85.66,100,0,4.18
58,Labuhan,-2.54,79.04,88,76,3.06
59,Airai,-8.93,82.51,68,12,2.06
60,Kirakira,-10.46,80.89,100,88,13.8
61,Baykit,61.68,24.32,74,80,14.47
62,Arlit,18.74,47.68,19,0,6.08
63,Cape Town,-33.93,55.4,93,75,3.36
64,Araouane,18.9,47.14,19,24,3.18
65,Castro,-42.48,38.99,97,0,2.39
66,Lakes Entrance,-37.88,73.06,59,20,13.8
67,Atuona,-9.8,81.74,100,88,17.83
68,Taicheng,22.25,76.16,60,92,10.11
69,Bethanien,-26.5,45.47,78,0,4.97
70,Leverkusen,51.03,32.0,82,40,4.7
71,Manuk Mangkaw,4.8,83.68,100,48,6.2
72,Mar del Plata,-46.43,43.36,86,8,6.87
73,Malangali,-8.57,57.94,89,0,5.86
74,Ishigaki,24.34,73.4,46,40,11.41
75,Merrill,42.03,29.68,70,68,7.2
76,Vaini,15.34,77.51,39,32,6.2
77,Haapiti,-17.57,87.8,66,40,5.82
78,Sao Filipe,14.9,72.07,89,92,17.83
79,Avera,33.19,69.28,34,64,10.67
80,Licata,37.11,50.29,100,92,14.7
81,Batagay-Alyta,67.8,5.47,76,8,4.18
82,Mount Isa,-20.73,86.0,51,90,12.75
83,Thompson,55.74,32.0,82,90,11.41
84,Hoquiam,46.98,45.75,70,1,10.29
85,Waingapu,-9.65,83.86,100,8,3.74
86,Mahebourg,-20.41,77.0,88,75,3.36
87,Barrow,-38.31,49.21,81,0,9.66
88,Atikokan,48.76,22.66,57,24,7.43
89,Ouesso,1.61,75.62,92,76,1.95
90,Sorland,67.67,32.87,100,0,26.78
91,Chokurdakh,70.62,-10.02,87,56,15.26
92,Port Alfred,-33.59,67.21,94,56,12.46
93,Perelyub,51.87,22.66,100,64,11.23
94,Yamada,36.58,58.21,24,0,4.7
95,Georgetown,6.8,75.2,88,40,4.7
96,Bethel,60.79,32.69,88,80,5.97
97,Okhotsk,59.36,21.22,95,32,4.07
98,Codrington,-28.95,74.54,88,88,4.07
99,Vila Franca do Campo,37.72,59.0,82,20,4.7
100,Bluff,-23.58,87.19,55,0,11.56
101,Necochea,-38.55,55.42,74,80,13.47
102,Etchojoa,26.91,71.53,48,80,6.64
103,Palmer,61.6,25.63,89,0,0.72
104,East London,-33.02,68.65,100,88,17.16
105,Fairbanks,64.84,26.6,30,1,5.82
106,Nyrad,55.01,36.43,96,68,6.64
107,Narsaq,60.91,-15.06,83,0,7.43
108,Limbang,4.75,80.6,83,75,6.93
109,Mount Gambier,-37.83,60.82,78,92,13.69
110,Jvari,42.72,48.2,100,75,9.17
111,Cidreira,-30.17,74.27,91,32,6.76
112,Magomeni,-6.8,76.16,91,92,4.07
113,Buchanan,5.88,78.1,100,20,3.74
114,San Quintin,17.54,80.6,51,20,9.17
115,Kavieng,-2.57,81.7,100,36,7.99
116,Abbeville,50.11,41.86,81,48,3.36
117,Norman Wells,65.28,-2.21,58,75,14.99
118,Tunceli,39.11,34.22,94,36,2.28
119,Punta Arenas,-53.16,50.0,53,90,9.17
120,Guarapari,-20.67,75.2,100,20,2.24
121,Sao Jose da Coroa Grande,-8.9,74.09,100,92,2.51
122,Lensk,60.71,29.77,70,44,5.3
123,Guane,22.2,66.17,80,0,3.62
124,Carnarvon,-30.97,43.99,80,0,3.4
125,Yatou,3.63,77.0,100,40,2.24
126,Sidi Ali,36.1,50.56,79,92,15.03
127,Port Keats,-14.25,91.78,79,0,3.96
128,Kavaratti,10.57,85.48,97,56,11.68
129,jatara,25.01,80.62,27,0,5.19
130,Prado,-17.34,80.84,93,76,14.14
131,Yellowknife,62.45,-2.21,70,90,17.22
132,Turka,49.16,4.93,48,0,2.51
133,Hamilton,32.3,61.9,100,56,18.5
134,Tooele,40.53,44.76,86,75,9.17
135,Kieta,-6.22,83.54,95,44,6.53
136,Ilulissat,69.22,-15.73,70,12,2.73
137,Abrau-Dyurso,44.7,37.4,93,76,6.71
138,Ancud,-41.87,39.89,85,0,2.73
139,Imbituba,-28.24,78.8,88,75,8.05
140,Tommot,58.97,25.18,66,80,8.43
141,Emerald,-23.53,85.66,63,36,9.22
142,Lebrija,36.92,51.76,71,20,4.7
143,Upernavik,72.79,-12.58,100,48,1.61
144,Umm Kaddadah,13.6,63.88,27,0,6.42
145,Lewisporte,49.25,27.7,89,92,30.13
146,Hami,42.84,60.19,50,24,3.29
147,Tuktoyaktuk,69.44,-16.61,76,24,9.17
148,Brigantine,39.41,32.0,82,1,10.11
149,Jackville,5.21,78.8,94,40,1.12
150,Kodiak,39.95,37.4,93,90,13.87
151,Lavrentiya,65.58,29.09,100,88,24.87
152,Kruisfontein,-34.0,62.53,100,92,14.81
153,Srednekolymsk,67.46,4.21,62,44,4.97
154,Dokka,60.83,25.72,71,0,3.62
155,Ouadda,8.07,68.74,88,0,3.06
156,Tuatapere,-46.13,59.42,92,44,7.09
157,Awjilah,29.14,46.87,21,0,9.22
158,Ixtapa,20.71,63.88,78,0,1.95
159,Abu Kamal,34.45,60.32,44,0,16.04
160,Cenade,46.06,31.89,69,0,4.7
161,Saint-Francois,46.42,44.6,65,0,2.24
162,Timbiqui,2.77,75.31,100,92,3.62
163,Campo Maior,39.01,45.52,99,92,5.97
164,Derzhavinsk,51.1,28.42,96,92,8.88
165,Paamiut,61.99,14.51,100,56,19.51
166,Tura,25.52,72.47,82,0,4.63
167,Diamantina,-18.24,65.59,95,44,8.1
168,Lebu,8.96,55.4,43,20,2.73
169,Alofi,-19.06,75.2,94,88,5.82
170,Goundi,9.36,78.14,66,48,8.99
171,Yulara,-25.24,87.8,29,0,6.93
172,Voznesenye,61.02,30.44,89,92,20.96
173,Khandyga,62.65,17.84,56,32,3.4
174,Esperance,10.24,75.2,78,20,5.41
175,Bubaque,11.28,76.03,100,0,5.97
176,Hargeysa,9.56,51.14,63,0,6.76
177,Tazovskiy,67.47,-32.74,57,8,3.18
178,Poya,-21.35,77.38,100,92,12.24
179,Iskateley,67.68,9.74,68,80,11.45
180,Zhigansk,66.77,15.41,64,0,3.29
181,Mumbwa,-14.99,66.49,90,20,5.75
182,Morris,41.36,37.06,67,76,18.84
183,Tiksi,71.64,-0.57,76,12,3.96
184,Chatra,24.21,66.2,63,0,6.93
185,Ahipara,-35.17,65.41,100,100,5.41
186,Hun,50.34,40.12,81,76,2.73
187,Grindavik,63.84,33.89,100,75,5.82
188,Oktyabrskoye,56.73,21.4,70,76,13.47
189,Port Lincoln,-34.72,66.85,83,64,23.42
190,Clyde River,70.47,-32.81,73,1,4.7
191,Northam,51.04,38.95,96,24,6.98
192,Locri,38.24,37.42,96,92,2.06
193,General Roca,-39.03,46.4,75,0,3.18
194,Vao,59.1,34.0,90,92,11.45
195,Bahia de Caraquez,-0.6,78.8,78,75,4.7
196,Viedma,-40.81,51.32,78,68,6.64
197,Saint-Philippe,45.36,29.35,54,75,9.22
198,Pevek,69.7,-1.83,100,80,13.69
199,Paraiso,24.01,68.38,45,100,3.96
200,Upata,8.02,78.19,52,56,10.67
201,San Borja,-14.86,74.95,86,8,2.95
202,Chuguyevka,44.17,49.48,48,0,5.64
203,La Ronge,55.1,39.2,69,75,8.05
204,Douentza,15.01,51.77,56,0,3.96
205,Misratah,32.38,62.21,62,0,17.05
206,Umm Lajj,25.02,70.09,98,0,4.18
207,Provideniya,64.42,30.58,95,88,23.87
208,Solnechnyy,50.72,36.34,79,44,5.41
209,Makakilo City,21.35,75.2,83,20,5.82
210,Manzhouli,49.6,50.92,37,0,4.97
211,Okha,53.59,20.27,100,8,4.63
212,Humboldt,52.21,32.02,97,92,10.67
213,Seoul,37.57,45.84,61,75,4.7
214,Mocuba,-16.84,74.41,85,0,4.74
215,Benghazi,32.12,57.2,28,0,28.86
216,Lima,-12.06,58.61,92,0,1.72
217,Thinadhoo,0.53,83.23,100,100,6.42
218,San Patricio,-26.98,70.31,99,92,6.42
219,Coahuayana,18.62,68.87,61,0,2.06
220,Rawson,-43.3,39.44,66,0,3.18
221,Hobyo,5.35,77.06,88,0,12.01
222,Tasiilaq,65.61,27.07,93,64,48.7
223,San Miguel,-34.54,60.19,77,40,12.75
224,Cabo San Lucas,22.89,80.6,28,40,3.36
225,Cherskiy,68.75,-4.71,80,44,8.1
226,Oranjemund,-28.55,59.74,100,64,8.66
227,Ribeira Grande,38.52,61.45,100,68,6.08
228,Dhidhdhoo,6.88,84.62,99,0,1.95
229,Zeya,53.74,38.5,44,0,8.77
230,Coquimbo,-29.95,59.0,87,0,3.36
231,La Rosa,-34.33,58.84,76,0,15.93
232,Severodvinsk,64.56,14.0,100,90,6.71
233,Luderitz,-26.65,62.6,67,0,14.99
234,Lewistown,40.39,33.64,92,92,19.73
235,Guerrero Negro,27.97,58.61,86,80,12.01
236,Doka,13.52,73.01,39,0,6.53
237,Hualmay,-11.1,67.12,84,32,4.63
238,Dikson,73.51,-10.74,90,12,8.77
239,Hovd,63.83,35.6,80,40,8.05
240,Tshikapa,-6.42,67.75,100,44,2.06
241,Tual,-5.67,81.56,100,36,13.91
242,Uruzgan,32.93,32.56,43,0,0.38
243,Normandin,48.84,23.0,53,20,14.99
244,Chiredzi,-21.05,73.33,95,44,1.61
245,Caracuaro,19.01,67.03,59,8,3.51
246,Krasnodar,45.04,35.6,100,90,8.95
247,Bambous Virieux,-20.34,77.0,88,75,3.36
248,Saint-Leu,-21.15,74.34,78,0,5.82
249,Perth,56.4,35.08,94,0,7.99
250,Krasnoarmeysk,56.12,21.2,57,0,6.71
251,Henties Bay,-22.12,59.74,100,0,5.41
252,Padang,-0.92,81.97,100,32,1.5
253,Saskylakh,71.97,-12.76,79,64,9.89
254,Jumla,29.28,33.55,89,0,2.06
255,Sharjah,25.36,66.54,23,0,5.82
256,Klaksvik,62.23,37.4,86,68,16.11
257,Fortuna,38.18,45.97,49,0,19.28
258,Husavik,50.56,29.72,89,48,16.04
259,Hithadhoo,-0.6,83.77,100,12,7.43
260,Coihaique,-45.58,41.0,75,0,3.36
261,Pyapon,16.29,86.24,66,0,4.63
262,Savantvadi,15.9,77.69,73,20,3.06
263,Manado,1.49,87.8,62,40,6.93
264,Kaeo,-35.1,66.71,98,92,5.19
265,Joshimath,30.57,9.88,97,24,1.16
266,Opuwo,-18.06,54.52,83,8,2.73
267,Yumen,40.29,53.08,52,44,18.05
268,Oktyabrskiy,55.61,17.67,66,0,4.47
269,Lazaro Cardenas,28.39,72.74,18,76,13.02
270,General Pico,-35.66,52.94,58,0,15.37
271,Kudahuvadhoo,2.67,83.77,100,0,5.97
272,Qaanaaq,77.48,-25.18,100,12,2.62
273,Ratnagiri,16.98,80.57,100,44,6.31
274,Phan Thiet,10.93,85.34,74,20,13.35
275,Praia,-20.25,68.86,73,0,6.93
276,Chuy,-33.69,66.49,96,100,10.22
277,Auki,12.18,63.07,50,0,2.73
278,Pochutla,15.74,80.8,100,0,6.76
279,Rondonopolis,-16.46,70.22,98,48,3.06
280,Pedra Azul,-16.01,69.01,96,92,6.42
281,Le Port,42.87,24.32,92,76,0.94
282,Havoysund,71.0,17.71,100,8,4.85
283,Dicabisagan,17.08,75.62,98,76,9.78
284,Nago,45.88,44.6,95,20,5.82
285,Saldanha,41.42,39.22,84,80,6.64
286,Te Anau,-45.41,54.25,85,36,7.43
287,Phonhong,18.5,77.0,73,20,6.93
288,Ito,34.93,57.2,58,20,8.05
289,Portland,45.52,43.74,93,90,3.36
290,Raudeberg,61.99,34.45,100,88,4.29
291,Jalu,29.03,46.24,23,0,7.09
292,Tucuman,-17.17,53.35,90,0,1.72
293,Jatiroto,-7.61,79.54,100,88,7.43
294,Ulaanbaatar,47.92,41.0,52,0,2.24
295,Pangnirtung,66.15,-16.86,49,0,6.2
296,Collie,-33.36,69.77,48,56,17.72
297,Albany,42.65,33.06,55,75,13.87
298,Takoradi,4.89,78.59,100,36,3.51
299,Ha Giang,22.83,63.43,99,92,2.17
300,Inta,66.04,10.46,78,56,5.3
301,Macau,-5.11,77.38,78,44,7.09
302,Porciuncula,-20.96,63.34,94,8,2.62
303,Fort-Shevchenko,44.51,43.04,98,88,19.84
304,Poplar Bluff,36.76,61.94,57,0,9.78
305,Lata,30.78,49.21,60,8,1.83
306,Castrillon,43.4,44.6,81,92,16.11
307,Santa Isabel do Rio Negro,-0.41,79.18,90,20,0.72
308,Rovaniemi,66.5,5.74,72,32,2.51
309,Wladyslawowo,54.79,37.4,74,90,3.36
310,Iqaluit,63.75,6.8,84,90,2.24
311,Abu Samrah,35.3,54.11,81,64,7.31
312,Letterkenny,54.95,43.94,94,56,10.0
313,Gat,14.69,72.02,26,0,11.79
314,Poum,41.28,29.86,97,88,2.17
315,Beringovskiy,63.05,25.54,99,76,17.72
316,Gisborne,-38.66,67.39,84,24,13.69
317,Laguna,27.52,75.17,32,36,3.62
318,Chase,43.89,30.2,33,1,6.93
319,Gazli,40.13,63.43,52,44,18.84
320,Belaya Gora,68.54,4.39,87,36,3.96
321,Mackay,53.65,29.3,63,75,10.29
322,Faanui,-16.48,83.68,97,88,15.48
323,Severo-Kurilsk,50.68,29.54,100,12,5.64
324,Aykhal,65.95,12.13,86,64,4.18
325,Mentougou,39.94,64.4,18,0,4.47
326,Oistins,13.07,78.8,74,20,14.99
327,Tilichiki,60.47,7.9,73,0,12.57
328,Buin,-33.73,66.2,37,0,4.7
329,Meulaboh,4.14,82.37,100,0,3.96
330,Eskisehir,39.78,40.16,89,92,8.21
331,Dingle,11.0,81.7,72,32,17.6
332,Sola,58.89,35.33,93,88,9.17
333,Menongue,-14.66,62.35,98,56,1.95
334,Shingu,33.72,59.0,44,0,4.7
335,Daru,7.99,71.17,93,0,3.85
336,Omboue,-1.57,82.87,100,32,9.66
337,Platteville,42.73,34.38,59,1,9.17
338,Harper,30.3,75.62,55,24,8.43
339,Khatanga,71.98,-23.34,69,12,4.18
340,Hasaki,35.73,55.4,100,20,10.29
341,Penzance,50.12,44.89,98,0,12.01
342,Gillette,44.29,50.06,41,56,12.01
343,Quepos,9.43,69.8,73,20,14.99
344,Tuljapur,18.01,80.71,27,0,6.64
345,Grootfontein,-19.56,58.66,100,64,2.73
346,Manokwari,-0.87,84.04,96,12,17.05
347,Innisfail,52.02,32.0,82,75,8.05
348,College,64.86,26.6,30,1,5.82
349,Maxixe,-23.86,77.69,99,44,11.23
350,San Juan,18.47,75.49,100,92,7.99
351,Kununurra,-15.77,93.2,52,0,3.36
352,Vestmannaeyjar,63.44,35.17,100,88,3.96
353,Salgueiro,-8.07,67.21,98,88,2.17
354,Rolla,37.95,41.0,93,90,9.17
355,Sitka,37.17,59.38,45,80,12.01
356,Honolulu,21.3,75.2,83,20,5.82
357,Black Forest,-34.96,68.0,49,75,20.8
358,Fare,-16.7,83.81,95,20,14.81
359,Freeport,26.54,70.63,100,0,10.67
360,Kautokeino,69.01,5.2,79,20,6.53
361,Kuminskiy,58.67,20.54,89,56,5.97
362,Kolpashevo,58.31,24.19,80,80,13.47
363,Kollam,8.88,82.4,88,20,2.24
364,Buraydah,26.33,73.4,20,0,10.29
365,Riyadh,24.63,66.2,12,0,3.36
366,Victoria,5.28,80.6,88,75,5.82
367,Luganville,-15.51,80.8,100,68,11.12
368,Funtua,11.52,63.11,64,0,2.73
369,Nassau,51.17,25.81,80,0,6.08
370,Mildura,-34.18,71.12,57,64,16.37
371,Goderich,43.74,22.34,55,0,16.04
372,Salalah,17.01,73.4,60,0,6.93
373,Phuntsholing,26.86,59.65,76,8,0.72
374,Alamos,-36.9,48.85,92,0,11.68
375,Shimoda,34.7,57.2,58,20,8.05
376,Najran,17.54,59.0,16,0,1.83
377,Bilibino,68.06,-4.21,50,64,3.18
378,Tukan,53.84,15.28,85,12,2.51
379,Holoby,51.09,9.7,61,0,3.4
380,Canutama,-6.53,74.68,96,0,2.51
381,Basco,40.33,32.0,91,90,18.34
382,Wilmington,39.75,38.57,47,1,7.65
383,Egvekinot,66.32,25.67,91,80,7.43
384,Salvacion,13.85,80.8,94,0,20.85
385,Diu,20.71,82.64,27,20,10.89
386,Shambu,9.57,55.69,72,56,3.51
387,Correntina,-13.34,69.14,95,92,5.41
388,Lompoc,34.64,58.06,71,40,13.87
389,Fasa,28.94,48.2,49,0,4.7
390,Bandarbeyla,9.49,78.14,100,8,13.91
391,Nanortalik,60.14,16.31,100,0,42.88
392,Verkhnyaya Khava,51.84,24.8,85,75,6.71
393,Sontra,51.07,30.2,92,40,8.05
394,Baturaja,-4.12,77.47,96,92,4.52
395,Charlestown,41.38,39.2,69,90,4.7
396,Fort Frances,48.61,33.8,55,90,8.05
397,Bako,9.68,72.43,83,12,3.74
398,Alamogordo,32.9,62.6,45,40,8.05
399,Beroroha,-21.68,67.66,84,0,4.18
400,Kangaatsiaq,68.31,-3.27,100,20,4.74
401,Parral,-36.14,55.4,66,0,10.29
402,Katsuura,33.93,59.0,44,20,9.17
403,Erzin,36.95,48.89,94,56,3.29
404,Buala,-8.15,76.48,100,92,2.95
405,Agua Verde,22.89,71.66,100,76,6.87
406,Constitucion,23.99,68.38,45,100,3.96
407,Frontera,18.53,80.44,55,0,11.68
408,Nanyamba,-10.69,69.19,95,0,2.39
409,Kjollefjord,70.95,8.44,85,8,4.41
410,High Rock,26.63,70.0,100,0,10.45
411,Wolgast,54.05,31.3,85,0,3.74
412,Whyalla,-33.04,71.6,53,90,11.41
413,Mayo,63.59,17.6,26,5,9.17
414,Chunskiy,56.08,31.97,67,88,12.68
415,Kupang,-10.16,85.48,93,20,5.64
416,Aswan,24.09,68.0,15,8,12.75
417,Marsa Matruh,31.35,53.6,50,0,11.41
418,Petropavlovsk-Kamchatskiy,53.05,28.01,79,56,2.17
419,Ushuaia,-54.81,48.2,57,20,16.11
420,Moron,10.49,78.8,69,80,2.24
421,Svetlogorsk,53.14,5.92,63,24,1.72
422,Port Moresby,-9.47,87.8,66,75,20.8
423,Ust-Kuyga,70.0,4.16,78,8,4.29
424,Dubbo,-32.25,89.6,31,48,25.28
425,Belmonte,40.36,39.76,97,92,1.83
426,Qaracala,39.81,58.84,73,92,13.91
427,Lashio,22.93,77.51,62,0,2.73
428,La Palma,5.36,67.34,99,76,1.16
429,Broome,52.47,43.74,98,75,2.95
430,Sinait,17.87,80.6,51,20,9.17
431,Pangoa,-12.12,66.71,96,24,2.17
432,Blagoevgrad,42.01,25.94,96,76,2.28
433,Pacific Grove,36.62,45.61,94,0,5.86
434,Galveston,40.58,36.29,49,92,21.74
435,Soe,57.91,28.91,93,76,14.81
436,Plettenberg Bay,-34.05,62.08,100,68,14.03
437,Isangel,-19.55,76.97,100,92,6.42
438,Alice Springs,-23.7,87.8,38,36,12.75
439,Dvinskoy,62.16,18.34,87,88,8.77
440,Caravelas,-17.73,81.56,100,80,16.49
441,Victoria,5.28,80.6,88,75,5.82
442,Netrakona,24.88,77.83,92,12,4.63
443,Gizycko,54.04,25.72,89,12,9.78
444,Shancheng,26.9,61.72,81,68,2.73
445,Sobolevo,54.43,12.4,78,8,5.19
446,Itatskiy,56.07,24.1,83,8,23.76
447,Sur,22.57,74.32,90,0,2.84
448,Vila,45.18,39.26,92,88,4.29
449,Luwuk,-0.95,87.82,73,8,3.06
450,Mandali,33.75,71.62,37,92,15.7
451,Idritsa,56.33,22.79,77,12,12.24
452,Kremenki,54.51,15.8,92,76,4.47
453,Naze,5.43,78.8,88,40,3.62
454,Bonfim,-20.33,69.8,73,0,6.93
455,Aksha,50.28,52.22,34,0,9.78
456,Talnakh,69.49,-25.59,38,0,2.84
457,Khash,28.22,46.15,30,0,2.62
458,Zhanakorgan,43.91,56.27,71,24,16.04
459,Luanda,-8.83,78.8,78,40,3.36
460,Flin Flon,54.77,35.98,77,80,6.98
461,Nizwa,22.93,52.09,68,0,2.51
462,Chara,39.42,38.68,84,80,0.6
463,Leningradskiy,69.38,23.96,92,56,8.77
464,Lagoa,37.14,53.21,85,76,11.79
465,Broken Hill,-31.97,73.42,45,92,7.43
466,Half Moon Bay,37.46,50.11,92,68,10.45
467,Puerto Escondido,15.86,84.2,70,5,9.22
468,Nalgonda,17.05,83.23,55,0,4.63
469,Vardo,39.62,36.5,60,1,4.63
470,Ahuimanu,21.44,74.08,88,1,4.18
471,Carahue,-38.71,49.93,100,0,7.31
472,Hambantota,6.12,81.34,100,8,7.76
473,Kirensk,57.78,44.21,64,44,9.22
474,Corpus Christi,27.8,74.35,83,90,13.87
475,Kasongo-Lunda,-6.48,70.31,96,64,1.39
476,Barda,56.93,21.67,84,36,3.62
477,Oussouye,12.49,78.8,47,0,4.7
478,Kaitangata,-46.28,63.02,73,0,3.85
479,Kloulklubed,7.04,83.81,100,48,19.06
480,Dunedin,-45.87,59.24,87,24,3.62
481,Bay Roberts,47.58,30.2,100,90,21.92
482,Itoman,26.12,69.55,40,40,8.05
483,Camabatela,-8.19,66.76,99,88,3.06
484,Helong,25.94,62.26,82,80,3.4
485,Zyryanovsk,49.74,27.07,76,64,2.95
486,Warrington,53.39,30.13,88,8,2.73
487,Nong Chik,6.84,80.6,69,20,4.7
488,Tessalit,20.2,42.59,25,0,3.06
489,Yenagoa,4.92,74.59,94,32,4.18
490,Nuuk,64.17,0.43,100,36,5.19
491,Mopipi,-21.2,65.09,97,56,7.99
492,Hay River,60.82,1.4,70,40,14.99
493,Kapit,2.02,75.71,93,92,2.95
494,Cap Malheureux,-19.98,78.8,88,75,12.75
495,Taoudenni,22.68,53.21,24,0,7.76
496,Ust-Omchug,61.13,13.97,72,64,3.51
497,Concepcion,9.56,72.02,93,44,3.4
498,Uige,-7.61,69.37,96,92,2.62
499,Yaring,6.87,79.63,69,20,4.7
500,Komsomolskiy,67.55,-6.01,69,48,7.76
501,Mayor Pablo Lagerenza,-19.93,73.37,100,68,11.23
502,Baiao,-2.79,75.4,99,92,2.39
503,Gravdal,59.79,33.73,100,92,4.41
504,Evanston,42.04,36.29,87,56,20.29
505,Izumo,35.37,59.0,58,20,12.75
506,Kaputa,-8.47,61.9,95,48,2.17
507,Marolambo,-20.05,60.86,95,44,2.73
508,Suslovo,56.22,22.61,70,80,14.81
509,Spartanburg,34.95,42.13,93,90,9.17
510,Sopelana,43.38,43.38,81,92,10.29
511,Kazuno,40.2,45.37,76,75,13.87
512,Sabzevar,36.21,52.72,52,8,6.98
513,Murgab,37.5,66.2,29,90,13.87
514,Akdepe,42.05,61.75,55,0,18.34
515,Inhambane,-23.87,77.69,99,44,11.23
516,Nome,30.04,70.25,88,40,8.05
517,Valparaiso,41.47,35.8,59,64,19.73
518,Nokaneng,-19.66,65.27,93,32,1.61
519,Venado Tuerto,-33.75,53.98,63,0,21.52
520,Kahului,20.89,67.89,94,90,10.29
521,Ketchikan,55.34,38.5,97,32,4.97
522,Safranbolu,41.25,38.32,98,64,1.61
523,Qaqortoq,60.72,14.06,100,0,38.18
524,Healdsburg,38.61,45.79,100,44,9.22
525,Varhaug,58.61,38.81,100,88,9.66
526,Yakima,46.6,45.34,45,75,14.99
527,Lodja,-3.52,67.84,99,92,2.73
528,Bilma,18.69,52.67,13,44,8.99
529,Chifeng,42.27,57.31,64,0,11.23
530,Bahile,10.0,86.0,62,40,11.41
531,Mareeba,-16.99,77.0,94,75,11.41
532,Pavino,55.02,23.0,73,0,13.42
533,Krasnyy Kholm,58.06,20.27,85,68,15.48
534,Nalut,31.86,48.71,55,80,16.49
535,Tolosa,43.14,43.21,87,92,13.87
536,Khovu-Aksy,51.13,28.33,63,48,3.85
537,Taybad,34.74,50.87,82,32,7.43
538,Pinawa,50.15,32.74,71,92,16.71
539,Zyryanka,65.73,8.39,66,0,3.4
540,Rabaul,-4.2,83.72,97,32,6.98
541,Koumac,-20.56,73.96,100,92,5.64
542,Saint-Georges,46.12,27.61,78,92,6.2
543,Hofn,64.25,33.82,100,8,9.33
544,Micheweni,-4.97,77.56,100,68,3.74
545,Lucapa,-8.42,63.79,94,32,2.73
546,Dakoro,14.51,60.77,29,20,7.99
547,Honiara,-9.43,75.2,100,90,3.36
548,Brae,60.4,41.83,100,12,17.49
549,Suar,29.03,69.91,73,0,3.96
550,Rupert,42.62,32.56,75,8,2.95
551,Kodinsk,58.6,29.99,59,76,14.25
552,Svetlaya,46.54,39.13,78,0,6.31
553,Cootamundra,-34.64,63.88,100,92,11.68
554,Nemuro,43.32,37.4,93,75,4.7
555,Scarborough,54.28,36.34,89,8,5.75
556,Phalaborwa,-23.95,66.58,93,36,5.75
557,Evensk,61.92,13.61,100,0,2.84
558,Bredasdorp,-34.53,59.0,82,48,9.17
559,Bulgan,48.81,57.67,37,0,11.12
560,Madona,56.85,26.35,89,12,8.21
561,Ossora,59.24,18.29,94,0,10.67
562,Inirida,3.87,74.09,97,36,2.06
563,Havelock,34.88,44.6,87,90,4.7
564,Sao Miguel do Araguaia,-13.28,73.6,93,36,3.85
565,Nagpur,21.15,73.4,33,0,2.24
566,Dondo,-19.62,78.8,94,20,7.43
567,Ende,-8.84,83.59,100,36,6.98
568,Belle Glade,26.68,66.22,65,0,9.89
569,Ialibu,-6.28,73.4,69,40,3.36
570,Tongzi,28.78,64.51,98,44,3.96
571,Tocopilla,-22.09,61.18,100,0,1.5
572,Kralendijk,12.15,79.27,98,12,16.04
573,Noumea,-22.28,82.4,69,75,3.36
574,Machico,32.7,60.8,67,20,12.75
575,Stepnyak,52.83,21.67,91,76,9.44
576,Durango,37.28,45.29,47,92,6.76
577,Alugan,12.22,78.86,100,80,13.8
578,Shangrao,28.45,59.42,90,92,3.06
579,Paso de los Toros,-32.81,62.89,72,0,12.01
580,Taltal,-25.41,55.96,96,12,1.83
581,Bertoua,4.58,66.04,98,68,2.06
582,Bathsheba,13.22,78.8,74,20,14.99
583,Minervino Murge,41.09,21.31,67,64,2.84
584,Kedrovyy,56.17,28.4,74,40,13.42
585,Maniitsoq,65.42,-6.87,100,0,8.21
586,Pszczyna,49.98,26.02,92,0,1.12
587,Aragarcas,-15.9,74.86,94,24,5.86
588,Saint-Paul,45.22,39.99,87,0,8.05
589,Kassala,15.45,65.95,45,0,2.95
590,Garowe,8.41,61.94,90,0,6.31
591,Waipawa,-39.94,66.17,78,88,2.39
592,Blytheville,35.93,63.59,77,75,23.04
593,Paoua,7.24,72.02,80,76,9.66
594,Boddam,57.47,40.07,96,8,14.47
595,Datong,40.09,55.37,58,0,3.96
596,Kampot,10.62,86.74,71,0,4.41
597,Mayumba,-3.44,80.21,100,64,7.43
598,Saint-Pierre,48.95,35.6,80,0,4.7
599,Cheney,47.49,42.31,41,75,17.22
600,Poso,-1.4,81.88,100,0,4.18
601,Roald,62.58,38.59,96,64,12.46
602,Nikki,9.94,65.81,40,0,4.97
603,Dongsheng,29.72,60.55,100,92,4.18
604,Namibe,-15.19,76.39,100,0,8.66
605,Jatibonico,21.94,67.3,75,8,9.44
606,Sarandi,-27.94,72.34,90,80,9.78
607,Siocon,11.03,79.72,100,64,13.47
608,Staroaleyskoye,51.01,28.51,89,76,12.68
609,Moyale,3.52,59.29,93,48,2.73
610,Rio Grande,-32.03,69.19,100,92,5.86
611,Morondava,-20.3,76.48,100,0,1.61
612,Axim,4.87,80.44,100,92,4.74
613,Shchors,51.82,6.28,56,0,2.95
614,Hazleton,40.96,37.4,47,75,8.05
615,Bartlesville,36.75,57.2,58,1,13.87
616,Shushenskoye,53.33,35.6,43,0,22.37
617,Russellville,35.28,63.47,54,0,6.53
618,Shakhtinsk,49.71,28.4,86,75,8.95
619,Westport,53.8,41.42,98,20,5.19
620,Juneau,58.3,28.24,98,80,2.62
621,Cockburn Town,21.46,73.33,100,0,16.82
622,Amethi,26.76,66.2,77,0,4.52
623,Christchurch,-43.53,73.4,40,56,9.17
624,Pop,40.87,53.6,54,8,3.4
625,Prieska,-29.67,45.97,68,0,2.95
626,Vakhrushev,48.99,36.88,91,44,4.52
627,Beaverlodge,55.21,14.0,66,75,5.82
628,Jiuquan,39.73,46.87,58,8,10.0
629,Kingsland,30.8,68.0,32,1,13.87
630,Mahajanga,-15.72,75.2,94,20,6.93
631,Verkhnevilyuysk,63.45,21.4,69,8,3.51
632,Xining,36.62,45.92,42,0,3.62
633,Suez,29.97,43.72,88,0,2.62
634,Launceston,-41.43,57.2,93,90,17.22
635,Gizo,31.8,47.81,74,88,2.73
636,Canico,32.63,60.8,67,20,12.75
637,High Level,58.52,8.71,48,64,4.85
638,Amambai,-23.11,72.16,96,24,3.62
639,Chumikan,54.72,34.99,77,88,3.96
640,Atasu,48.68,36.02,84,92,13.69
641,Manikpur,25.07,83.05,32,0,6.64
642,Itarema,-2.92,77.42,93,56,4.07
643,Fort Atkinson,42.93,30.65,68,1,9.17
644,Lerwick,60.15,43.36,98,44,18.28
645,Huarmey,-10.07,65.81,81,36,2.84
646,Ranau,5.95,75.58,92,48,1.83
647,Saint George,39.45,38.68,84,80,0.6
648,Turukhansk,65.8,5.47,65,44,10.33
649,Lakeside,32.86,55.4,62,75,6.93
650,Kirkwood,-33.4,62.6,88,0,21.92
651,Abdanan,32.99,56.95,41,44,2.62
652,Bria,6.54,70.36,86,44,3.18
653,Sept-Iles,50.2,26.6,53,20,10.29
654,Kondinskoye,59.65,15.91,88,36,6.42
655,Vila Praia de Ancora,41.81,44.69,93,75,7.31
656,Makubetsu,42.84,39.2,86,20,3.36
657,Abha,18.22,55.4,17,0,3.06
658,Azare,11.67,67.97,32,12,7.2
659,Pulaski,35.2,62.6,100,90,6.93
660,Ibotirama,-12.18,69.19,100,68,2.84
661,Carman,49.51,31.17,88,1,14.99
662,Milkovo,41.53,33.8,100,68,8.05
663,Carauari,-4.88,77.47,92,0,2.28
664,Lyngseidet,69.58,18.7,100,80,4.63
665,Severnoye,54.09,20.81,91,80,2.95
666,Kosh-Agach,49.99,24.14,31,8,9.78
667,Torrington,42.06,55.46,40,92,17.05
668,Mandalgovi,45.76,49.3,64,0,12.01
669,Kiama,-34.67,87.8,33,56,19.46
670,Novyy Urengoy,66.08,-26.94,41,20,3.18
671,Flinders,-34.58,87.8,33,56,19.46
672,Mazyr,52.05,8.84,57,0,4.85
673,San Jose,15.79,80.71,55,0,3.96
674,Hermanus,-34.42,50.74,100,36,3.4
675,Tomatlan,19.93,70.27,75,0,2.73
676,Nantucket,41.28,38.72,99,32,12.8
677,Bayog,7.85,87.86,77,8,1.72
678,Marsh Harbour,26.54,68.56,100,0,8.99
679,Lohja,60.25,33.55,94,76,13.91
680,Cordele,31.96,67.03,54,0,18.72
681,Ravne,44.62,28.4,92,0,2.24
682,Floro,61.6,38.72,100,80,14.03
683,Maceio,-9.67,73.4,94,75,4.7
684,Mouila,-1.86,75.31,93,88,2.17
685,Teya,21.05,77.38,49,0,8.21
686,Santa Marta,11.24,86.0,51,20,11.41
687,Ruteng,-8.61,82.19,82,20,3.18
688,Marietta,33.95,61.67,86,92,5.41
689,Anuradhapura,8.34,81.25,69,8,9.66
690,Beyneu,45.32,55.64,64,48,17.94
691,Nhulunbuy,-12.18,87.8,62,20,8.05
692,Charters Towers,-20.07,75.04,97,92,11.12
693,Dwarka,28.58,64.4,77,0,4.7
694,Arona,45.76,37.96,90,88,3.74
695,Zabol,31.03,51.8,50,0,4.7
696,Itaituba,-4.26,72.92,99,88,2.95
697,Tchaourou,8.89,63.7,72,0,2.84
698,Ust-Nera,64.57,3.58,72,44,2.73
699,Kjopsvik,68.1,15.32,100,0,3.29
700,Sisimiut,66.94,-24.24,35,0,2.95
701,Arica,-18.48,68.7,68,0,3.36
702,De Aar,-30.65,43.81,66,0,2.73
703,Shenjiamen,29.96,57.22,84,36,9.22
704,Pennagaram,12.13,79.54,59,0,3.4
705,Methoni,36.82,58.03,100,56,8.43
706,Vammala,61.34,34.22,95,76,6.64
707,Cabrero,-37.04,53.58,66,0,10.29
708,Bogovarovo,58.98,10.91,83,56,6.08
709,Changji,32.07,67.84,78,88,4.97
710,Udachnyy,66.42,11.09,74,56,3.4
711,Narrabri,-30.33,82.91,53,0,11.79
712,Russell,-33.01,60.8,38,0,8.05
713,Verkhnyaya Inta,65.99,10.01,79,68,4.74
714,Port Hawkesbury,45.62,30.2,86,90,6.93
715,Pandan,11.72,81.43,97,0,24.76
716,Sao Joao da Barra,-21.64,80.17,99,32,13.02
717,Smithers,54.78,37.4,69,90,6.93
718,Abai,41.35,57.2,47,0,9.17
719,Haverfordwest,51.8,41.74,100,0,7.87
720,Gunjur,13.18,78.8,31,5,5.82
721,Manaure,11.78,78.55,96,0,22.19
722,Port Hedland,-20.31,98.6,35,0,5.82
723,Balgazyn,51.0,27.56,78,24,4.63
724,Souillac,45.6,46.22,81,90,11.41
725,Bristol,51.45,35.62,94,0,7.31
726,Rongai,-0.17,54.29,96,88,2.84
727,Sao Raimundo das Mangabeiras,-7.02,72.11,95,76,2.06
728,Ensenada,31.86,44.89,80,0,3.06
729,Port Blair,11.67,80.62,100,48,7.43
730,Aneho,6.23,80.6,88,20,4.7
731,Whitley Bay,55.04,41.02,100,0,14.25
732,Novobirilyussy,56.95,25.09,76,80,17.83
733,Matara,-13.74,44.53,96,24,1.95
734,Sawakin,19.1,67.12,100,88,3.74
735,La Trinitaria,16.12,57.58,95,36,2.73
736,Libreville,0.39,80.6,88,75,2.24
737,Carbonia,39.17,51.28,100,92,9.55
738,Tianmen,30.65,60.91,99,92,4.85
739,Chake Chake,-5.25,79.36,100,68,3.06
740,Sal Rei,16.18,68.0,72,75,18.34
741,Los Llanos de Aridane,28.66,64.4,72,0,19.46
742,Birnin Kebbi,12.45,66.17,23,20,7.31
743,Norrtalje,59.76,35.8,93,88,8.55
744,Cabedelo,-6.97,75.2,88,75,9.17
745,Campbell River,50.02,44.65,70,40,3.36
746,Omsukchan,62.53,8.35,80,0,3.74
747,Katobu,-4.94,87.64,80,12,5.53
748,Comodoro Rivadavia,-45.87,42.8,87,0,1.12
749,Conceicao da Barra,-18.59,79.45,91,92,9.22
750,Salinopolis,-0.61,79.9,100,68,5.41
751,Port Arthur,29.9,69.8,94,1,8.05
752,Richards Bay,-28.77,64.69,95,0,4.52
753,Zaysan,47.47,31.52,71,92,2.84
754,Ceyhan,37.03,48.89,94,56,3.29
755,Tiznit,29.7,55.19,96,0,1.83
756,Marienburg,52.12,36.18,87,40,3.36
757,Lixourion,38.2,53.21,100,92,14.7
758,Bara,10.41,68.11,46,20,1.61
759,Asyut,27.18,57.2,40,0,12.75
760,Kamennomostskiy,44.29,37.15,96,68,5.08
761,Mandan,46.83,33.64,94,88,21.07
762,Mason City,43.15,34.7,55,90,8.05
763,Port Elizabeth,39.31,26.62,71,0,8.77
764,Ukiah,39.15,36.52,100,20,2.73
765,Sinnamary,5.38,78.41,100,88,8.77
766,Garden City,40.73,41.52,33,75,11.41
767,Adelaide,-34.93,68.0,49,75,20.8
768,Blackfoot,43.19,31.93,80,24,2.95
769,Martapura,-3.41,83.86,89,24,5.86
770,Ciudad Bolivar,8.12,82.06,51,8,14.03
771,Tolmachevo,55.36,15.98,66,0,4.47
772,Diofior,14.19,72.02,26,0,11.79
773,Cananeia,-25.01,77.29,100,8,8.43
774,Faya,18.39,55.4,17,0,3.18
775,Namtsy,62.72,16.54,60,44,3.18
776,Miri,10.31,65.5,59,24,3.06
777,Acapulco,16.86,76.57,78,0,6.64
778,Yagodnoye,62.52,10.46,71,20,2.84
779,Sonipat,29.0,64.4,77,0,4.7
780,Burgeo,47.61,32.47,97,92,35.72
781,Ciudad Valles,21.99,72.7,73,0,2.95
782,Great Yarmouth,52.61,40.48,95,48,5.19
783,Nanchang,28.68,61.94,90,88,4.63
784,Warwick,41.7,34.18,96,92,5.19
785,Manakara,-22.14,76.16,100,92,6.08
786,Toucheng,24.86,77.0,50,20,17.22
787,Desaguadero,-16.56,43.09,86,20,3.62
788,Iberia,-11.41,81.43,68,92,2.73
789,Tarbagatay,51.48,39.2,69,40,2.24
790,Linxia,35.6,50.24,38,0,3.4
791,Nelson Bay,-32.72,87.8,43,0,9.17
792,Duminichi,53.93,15.55,73,68,4.74
793,Piacabucu,-10.41,77.11,88,68,6.64
794,Dzaoudzi,-12.79,78.8,88,20,2.24
795,Aksu,52.04,30.2,74,90,8.95
796,Kongolo,-5.39,69.91,97,76,2.73
797,Strezhevoy,60.73,-0.41,91,40,4.47
798,Mogadishu,2.04,81.47,100,80,13.8
799,Hailey,43.52,16.45,42,32,1.72
800,Margate,-43.03,59.0,87,75,8.05
801,Forest,32.36,76.3,50,80,8.55
802,Puri,-7.54,86.38,68,0,3.74
803,Powell River,49.84,44.58,52,20,5.82
804,Mfou,3.72,71.6,100,75,2.62
805,Morant Bay,17.88,80.6,65,20,10.29
806,Basudebpur,21.14,80.35,100,68,7.43
